CGPA,Internships,Placed,target
7.9,3,1,17.63
7.39,0,1,28.37
8.02,2,1,8.95
8.72,4,1,22.59
7.31,2,1,19.67
7.31,2,1,22.96
8.76,0,0,0.0
8.11,0,1,8.8
7.12,0,1,20.95
7.93,1,1,16.45
7.13,3,1,23.06
7.13,1,0,0.0
7.69,3,1,11.83
5.97,3,1,27.03
6.12,2,1,5.28
7.05,2,1,24.79
6.69,3,1,26.26
7.75,3,1,25.07
6.77,1,0,0.0
6.37,1,1,16.84
8.67,2,1,14.84
7.32,0,1,29.9
7.55,3,1,9.19
6.36,1,1,17.77
7.06,2,0,0.0
7.59,1,0,0.0
6.58,3,1,21.11
7.8,3,0,0.0
7.02,4,0,0.0
7.27,0,0,0.0
7.02,4,1,21.92
8.98,2,0,0.0
7.49,1,1,8.51
6.65,2,0,0.0
8.16,3,1,20.66
6.52,4,1,25.1
7.67,4,0,0.0
5.93,4,1,4.35
6.44,2,0,0.0
7.66,3,0,0.0
8.09,1,1,27.61
7.64,1,1,3.8
7.41,2,1,12.61
7.26,4,1,3.43
6.32,0,1,5.08
6.92,2,0,0.0
7.13,2,1,27.6
8.35,3,1,12.58
7.77,1,0,0.0
6.09,2,1,14.47
7.76,2,1,8.81
7.19,4,0,0.0
6.96,4,1,19.12
7.99,0,0,0.0
8.32,3,0,0.0
8.25,0,0,0.0
6.83,4,1,19.06
7.25,1,1,13.05
7.77,4,1,11.99
8.28,3,0,0.0
7.12,4,0,0.0
7.35,3,1,26.89
6.61,3,1,13.35
6.54,3,1,16.32
8.15,3,1,10.65
8.58,3,0,0.0
7.44,1,1,24.24
8.3,0,0,0.0
7.79,2,0,0.0
6.98,0,1,13.73
7.79,3,1,16.87
8.73,1,1,9.84
7.47,4,1,29.67
8.75,1,0,0.0
5.4,3,0,0.0
8.16,1,0,0.0
7.57,1,1,10.87
7.26,3,1,23.81
7.57,1,0,0.0
5.91,2,1,14.54
7.32,2,1,8.57
7.79,1,1,24.59
8.68,4,1,12.01
7.09,3,1,26.36
6.85,2,1,27.71
7.1,4,0,0.0
8.23,1,1,26.22
7.76,4,1,3.95
7.08,0,1,24.26
7.91,2,0,0.0
7.58,1,1,14.11
8.27,3,1,26.59
6.94,1,1,20.22
7.24,3,0,0.0
7.19,1,1,25.51
6.33,4,0,0.0
7.74,4,0,0.0
7.71,4,1,16.48
7.5,0,0,0.0
7.31,3,1,17.45
6.37,4,0,0.0
7.16,0,1,6.9
7.23,3,0,0.0
6.86,1,1,24.17
7.37,0,1,14.32
7.82,2,1,16.5
9.01,0,1,24.2
7.64,0,1,19.17
7.71,3,1,8.43
7.44,1,1,18.94
5.96,2,1,14.01
7.48,4,0,0.0
7.55,4,1,15.68
9.47,0,1,3.76
7.35,3,1,8.67
7.74,3,1,10.59
7.47,4,0,0.0
6.57,2,1,22.25
8.41,1,0,0.0
8.1,2,0,0.0
8.13,1,0,0.0
6.77,4,1,3.31
8.62,1,0,0.0
6.38,3,0,0.0
7.97,0,1,14.04
9.25,0,1,27.95
6.71,4,1,6.02
7.05,3,1,16.94
7.58,2,1,24.24
7.1,3,1,28.45
6.26,0,1,23.16
7.55,0,1,22.46
6.65,3,1,25.32
7.88,3,1,15.05
6.76,0,1,24.76
8.74,2,1,3.22
6.87,4,1,27.96
7.24,4,0,0.0
8.15,3,1,14.97
6.52,4,1,17.94
7.68,0,0,0.0
8.55,0,1,9.88
6.21,3,1,23.05
7.65,3,0,0.0
7.71,3,0,0.0
8.13,2,1,5.07
6.51,4,1,26.56
6.44,3,0,0.0
7.92,1,1,25.36
7.74,1,1,8.83
7.7,0,0,0.0
7.78,4,1,24.85
6.96,3,1,24.23
7.69,1,1,20.07
7.73,4,0,0.0
6.93,0,1,13.09
8.99,2,1,10.33
7.88,4,1,9.26
6.55,4,1,11.6
8.03,2,1,27.4
6.72,4,0,0.0
8.13,0,1,5.1
8.43,0,1,25.38
6.84,2,0,0.0
8.27,3,1,12.42
7.83,1,0,0.0
8.16,3,1,17.08
9.02,4,1,24.45
7.3,1,1,26.88
6.9,2,0,0.0
6.79,2,1,12.31
6.85,1,1,15.47
7.44,0,1,14.19
7.77,1,1,3.36
7.72,4,1,10.99
8.16,0,0,0.0
7.51,2,1,15.4
8.66,1,0,0.0
7.29,3,1,14.1
9.68,3,1,22.49
8.0,4,1,13.39
6.81,3,1,16.21
6.64,1,0,0.0
7.89,1,0,0.0
7.32,3,1,14.6
8.07,1,1,23.0
7.88,4,1,26.3
7.44,0,0,0.0
6.82,4,1,17.36
6.29,4,1,24.31
7.14,1,0,0.0
8.19,0,1,11.01
7.67,1,1,17.62
6.5,2,1,12.32
7.64,1,0,0.0
7.81,1,1,14.18
6.79,1,1,22.78
7.62,0,1,26.8
7.55,1,1,6.28
6.59,0,1,20.14
7.79,3,1,18.72
7.95,2,1,6.2
8.37,0,1,8.72
8.34,3,1,11.4
6.4,0,1,7.51
6.75,0,0,0.0
7.91,2,1,9.58
7.91,4,0,0.0
7.91,4,0,0.0
10.58,0,1,10.23
7.96,1,1,12.06
8.41,3,1,23.23
8.26,1,1,18.44
8.02,1,1,29.63
7.25,0,1,14.2
8.11,0,1,23.35
6.88,0,0,0.0
7.31,0,1,26.53
7.11,4,0,0.0
7.57,0,1,21.33
9.35,4,0,0.0
6.01,4,1,14.12
8.05,0,1,23.35
6.21,2,1,8.5
7.12,3,1,11.84
8.37,1,1,17.76
7.55,4,0,0.0
6.64,3,1,18.54
6.93,2,1,3.6
8.04,1,0,0.0
6.92,1,0,0.0
7.67,4,1,28.52
7.54,0,1,21.81
6.98,2,1,16.38
9.22,4,1,28.19
8.01,2,0,0.0
5.88,0,0,0.0
7.65,0,0,0.0
6.97,4,0,0.0
8.18,0,1,14.86
6.87,3,0,0.0
7.41,1,0,0.0
7.9,4,1,29.47
8.19,2,0,0.0
6.54,3,1,16.83
7.23,4,1,6.09
7.12,0,0,0.0
6.98,0,1,23.65
8.91,0,1,21.33
7.82,0,1,23.87
6.49,2,1,28.69
8.23,3,0,0.0
9.2,1,1,23.97
8.33,2,1,19.51
6.28,2,0,0.0
7.11,1,1,26.15
8.51,1,1,21.18
6.93,0,1,14.02
7.86,2,0,0.0
8.12,4,1,26.91
6.76,1,1,8.99
7.45,1,1,22.3
4.91,3,1,26.8
6.68,4,1,22.75
7.3,4,1,21.83
6.5,1,1,23.32
8.81,0,0,0.0
6.36,3,1,15.56
7.15,4,0,0.0
7.6,1,0,0.0
8.65,4,0,0.0
6.35,3,1,26.6
8.43,3,1,8.49
7.51,2,1,6.44
6.71,1,1,10.71
7.87,3,1,17.35
7.66,2,0,0.0
7.02,2,0,0.0
7.56,4,1,16.79
7.19,4,1,25.16
7.59,2,0,0.0
8.03,4,1,13.92
8.77,3,1,16.08
6.51,0,0,0.0
9.21,3,1,3.36
5.94,2,1,14.06
7.38,2,1,20.49
7.97,3,0,0.0
7.72,4,1,3.42
7.0,4,1,10.58
7.33,2,1,8.61
7.11,1,1,4.13
7.03,4,1,15.94
8.18,3,0,0.0
7.79,4,1,7.91
6.95,3,0,0.0
8.22,2,1,23.06
7.75,4,1,25.89
8.15,3,1,17.73
8.0,2,1,29.51
6.84,1,1,15.16
7.05,3,1,16.86
8.1,1,1,29.71
7.99,1,1,9.25
7.48,0,1,28.45
7.59,4,0,0.0
8.52,3,0,0.0
7.03,1,1,4.16
7.94,0,1,15.05
7.34,2,1,4.89
7.33,3,1,22.69
8.38,1,1,19.43
8.16,4,0,0.0
8.15,0,1,22.08
8.54,1,1,13.11
7.52,4,0,0.0
8.05,1,1,12.98
7.25,3,0,0.0
7.76,3,1,4.22
7.4,3,1,12.45
7.58,0,1,28.09
7.98,3,1,13.24
6.85,4,0,0.0
9.17,1,1,25.45
6.7,2,0,0.0
6.53,4,1,25.74
8.43,4,1,13.08
8.13,3,1,20.06
8.0,0,1,5.58
8.0,1,0,0.0
7.49,0,1,5.8
6.78,1,1,4.31
7.56,1,1,18.69
6.96,0,1,14.5
8.28,4,1,17.8
7.38,1,1,17.07
6.84,0,0,0.0
7.24,1,1,12.46
7.83,2,1,21.29
7.05,4,1,23.48
6.84,3,1,3.39
7.69,1,0,0.0
7.7,2,1,8.6
7.09,3,1,22.26
7.12,3,1,13.44
7.69,1,1,20.89
6.34,0,1,12.37
6.37,1,0,0.0
6.93,2,0,0.0
7.33,3,0,0.0
7.75,1,1,13.55
8.68,0,1,7.28
8.19,1,1,9.97
7.37,4,1,19.35
7.48,0,0,0.0
6.7,2,1,14.7
7.49,3,0,0.0
7.27,1,0,0.0
7.76,0,1,23.91
6.84,4,1,26.02
7.92,0,1,17.62
8.73,4,1,23.47
7.41,2,0,0.0
7.82,3,1,11.29
8.05,2,1,14.2
7.18,1,1,22.24
7.68,0,0,0.0
7.51,4,1,13.43
7.58,4,0,0.0
6.88,0,1,18.89
7.52,0,0,0.0
7.9,1,0,0.0
8.66,2,1,8.01
8.27,4,1,19.19
9.22,1,0,0.0
6.89,2,1,26.26
8.2,1,0,0.0
7.65,4,1,26.45
9.25,0,0,0.0
6.85,0,0,0.0
6.83,2,0,0.0
7.02,3,1,22.56
5.8,2,1,23.14
7.08,3,1,18.06
6.89,1,1,18.79
7.62,1,1,6.61
7.77,4,1,14.98
9.0,3,0,0.0
8.26,4,1,15.17
7.04,0,1,28.88
6.78,3,1,14.64
7.89,2,1,17.83
6.44,0,1,17.4
8.97,0,0,0.0
8.44,2,0,0.0
7.12,0,1,20.19
6.13,3,1,23.2
8.58,4,0,0.0
7.41,0,1,9.08
8.49,3,1,17.28
6.22,1,1,25.3
7.02,3,1,15.5
7.5,4,1,10.52
7.54,3,1,20.68
7.14,2,1,25.24
8.0,4,0,0.0
6.65,1,1,4.7
7.39,2,0,0.0
7.6,3,0,0.0
7.91,4,1,23.97
8.07,1,1,25.18
6.6,2,1,15.46
6.27,1,1,29.55
8.52,3,0,0.0
7.77,1,1,24.24
6.9,0,0,0.0
8.74,2,1,23.89
7.59,1,1,23.19
8.44,3,1,7.07
7.55,3,1,8.87
9.15,1,1,15.53
8.9,3,1,10.13
7.3,4,1,14.21
8.28,4,1,26.99
8.02,4,0,0.0
8.59,0,1,25.26
6.73,1,0,0.0
8.05,0,0,0.0
8.35,3,0,0.0
6.09,0,1,20.01
6.55,3,0,0.0
5.87,3,1,26.17
7.28,2,1,24.16
8.07,4,1,14.58
8.7,3,0,0.0
7.56,2,1,8.43
8.8,4,0,0.0
6.4,3,1,16.88
6.14,3,0,0.0
7.46,0,0,0.0
7.81,0,1,22.88
7.47,4,0,0.0
5.85,3,1,14.78
7.43,1,1,21.0
6.46,0,1,5.55
8.04,4,1,23.2
7.79,3,1,24.94
6.75,3,1,22.08
7.09,1,1,29.12
6.65,4,0,0.0
7.45,3,0,0.0
8.26,0,0,0.0
6.71,1,0,0.0
7.9,4,0,0.0
7.08,1,1,25.32
6.87,0,1,27.38
7.41,4,0,0.0
6.67,1,1,28.21
7.06,2,1,24.64
6.54,0,1,21.2
9.07,0,1,3.15
7.53,0,1,15.58
6.94,2,1,18.42
7.67,2,1,11.21
7.41,3,1,11.59
7.32,1,1,28.95
7.99,3,1,27.08
8.11,1,0,0.0
7.08,2,1,25.93
7.04,2,1,13.96
7.28,3,0,0.0
5.66,4,1,3.37
6.29,3,1,5.17
8.59,1,1,11.43
8.82,3,0,0.0
7.3,0,1,3.43
7.96,1,1,3.46
7.75,1,0,0.0
9.96,4,1,27.75
8.4,2,1,22.07
7.4,1,1,11.34
6.74,2,1,6.58
6.21,3,1,16.81
7.66,0,1,3.14
6.89,4,0,0.0
6.36,2,1,28.34
6.98,1,1,14.2
6.63,2,1,13.86
8.85,1,1,13.55
8.21,2,1,4.87
7.49,1,0,0.0
8.68,3,1,20.23
7.56,1,0,0.0
6.81,1,0,0.0
8.72,0,1,22.79
7.93,1,0,0.0
6.67,0,1,21.26
7.35,4,1,6.74
6.8,0,1,18.63
6.39,3,1,18.38
8.24,0,1,26.45
9.03,4,1,13.24
6.38,3,1,13.03
7.95,2,1,19.7
6.98,2,1,20.09
7.11,0,0,0.0
7.03,0,0,0.0
6.81,4,1,15.67
7.54,4,1,14.96
6.84,1,0,0.0
7.72,4,0,0.0
7.46,1,0,0.0
7.31,3,1,16.34
6.77,0,1,26.25
7.04,3,1,15.45
8.1,4,1,28.38
7.9,3,0,0.0
6.72,3,0,0.0
7.58,3,1,16.61
8.1,4,0,0.0
6.16,3,1,28.63
7.93,1,1,25.49
6.97,4,1,12.79
7.96,3,0,0.0
6.89,4,1,26.32
6.06,2,0,0.0
6.2,1,0,0.0
7.54,3,1,5.97
7.71,2,1,27.98
6.78,2,0,0.0
8.01,4,1,20.05
6.17,2,0,0.0
7.45,1,0,0.0
6.53,1,1,4.47
6.98,0,1,20.39
7.54,1,0,0.0
6.81,2,1,29.3
7.19,1,1,4.88
8.31,4,1,17.98
7.04,0,1,23.19
8.17,2,0,0.0
6.6,0,0,0.0
7.92,2,1,24.88
8.65,4,1,14.17
5.52,0,1,8.51
6.86,3,0,0.0
7.96,2,1,4.14
7.34,3,1,18.65
7.8,0,1,15.23
7.02,3,1,28.62
7.57,3,0,0.0
7.38,0,1,4.64
8.43,4,1,21.51
7.7,3,1,3.67
7.77,3,0,0.0
7.17,4,1,7.63
7.11,3,1,15.25
7.15,3,1,15.28
7.82,3,0,0.0
7.16,1,1,21.51
7.73,4,1,27.58
9.16,3,1,20.25
8.2,4,0,0.0
7.24,2,1,28.75
8.46,2,0,0.0
7.17,3,1,26.8
5.87,4,1,18.78
6.69,4,1,25.51
6.0,4,0,0.0
7.22,1,1,20.35
7.51,2,0,0.0
8.84,4,0,0.0
7.76,4,1,5.12
7.32,1,0,0.0
8.16,1,0,0.0
5.73,4,1,23.0
7.69,0,1,5.56
8.12,4,0,0.0
6.32,4,1,19.04
8.42,1,0,0.0
7.77,1,0,0.0
7.17,4,1,21.97
8.01,4,1,4.8
9.32,4,1,9.23
7.65,1,1,27.72
7.7,4,1,19.64
7.13,4,1,9.65
6.82,3,1,21.65
8.16,0,0,0.0
6.82,2,0,0.0
7.56,0,1,19.11
7.12,3,1,16.54
7.88,2,1,29.36
7.77,4,1,21.45
8.33,3,0,0.0
7.09,4,0,0.0
7.28,1,0,0.0
6.72,3,0,0.0
7.14,1,1,13.14
7.8,3,0,0.0
8.11,3,1,24.6
6.76,1,0,0.0
8.2,2,1,26.88
8.58,0,0,0.0
7.83,4,0,0.0
9.0,3,1,6.38
6.88,4,1,8.41
6.5,1,0,0.0
6.08,4,1,8.84
8.7,1,1,21.66
8.02,4,1,19.28
7.46,0,1,19.71
7.72,0,0,0.0
6.6,0,1,28.4
9.46,0,1,23.95
7.6,0,1,6.45
7.59,0,1,12.38
8.08,1,1,14.76
7.88,3,1,13.69
7.68,4,1,21.07
6.87,0,1,27.08
7.88,1,0,0.0
9.01,1,1,11.26
8.58,1,1,17.9
8.77,3,1,24.31
7.09,4,1,14.24
6.71,3,1,7.54
7.4,2,1,15.82
7.54,1,0,0.0
8.38,2,1,4.49
6.15,0,1,28.44
8.72,0,0,0.0
7.37,3,1,5.02
7.16,4,1,14.84
6.69,2,1,17.31
6.18,4,1,29.6
8.16,3,0,0.0
7.56,0,0,0.0
6.47,4,0,0.0
6.46,4,1,7.48
7.23,0,1,6.09
8.84,2,1,3.24
7.29,0,1,7.2
6.3,4,1,8.6
7.3,2,0,0.0
7.28,2,1,20.03
5.34,0,1,8.93
7.46,4,1,3.55
7.32,3,1,25.32
8.06,4,1,12.87
8.98,1,0,0.0
8.4,3,1,12.55
7.28,2,0,0.0
6.61,3,1,11.17
9.56,2,0,0.0
7.55,2,0,0.0
7.51,3,1,29.34
7.48,2,1,7.59
7.66,2,0,0.0
7.38,1,1,27.25
7.04,4,0,0.0
7.06,4,1,23.97
7.47,1,1,5.06
7.07,3,0,0.0
6.93,0,0,0.0
7.59,0,1,29.64
7.3,0,0,0.0
8.7,1,1,10.33
5.38,1,1,5.66
8.37,2,1,25.39
8.5,0,1,22.08
5.84,3,0,0.0
7.23,3,1,19.66
7.2,0,1,7.21
6.37,0,1,15.92
6.88,0,1,24.08
6.61,1,1,11.2
8.9,1,0,0.0
8.25,1,1,11.42
8.52,4,0,0.0
8.08,3,0,0.0
6.6,3,1,3.08
7.08,2,0,0.0
7.89,1,0,0.0
6.52,4,1,7.7
8.07,4,1,26.64
7.31,3,1,14.93
7.2,1,1,29.57
8.07,2,0,0.0
7.86,1,1,13.68
7.21,0,0,0.0
8.43,1,1,22.31
6.64,0,1,10.61
7.99,0,0,0.0
7.97,2,1,12.82
7.25,3,1,8.15
7.76,1,1,12.37
6.5,0,1,17.78
8.24,1,1,29.78
7.35,3,1,20.93
7.08,3,1,8.38
8.34,4,0,0.0
6.94,3,1,4.21
6.37,2,1,6.41
6.25,0,1,18.19
7.98,4,0,0.0
6.48,2,1,23.66
8.9,1,1,28.39
5.83,0,1,3.43
8.86,3,1,17.11
7.67,0,0,0.0
7.42,1,0,0.0
7.06,4,1,15.71
7.82,4,1,20.71
7.47,4,1,18.11
8.38,3,0,0.0
7.59,2,0,0.0
7.62,2,1,21.55
7.21,0,0,0.0
7.45,3,0,0.0
7.75,4,1,20.77
6.13,4,1,6.16
6.42,1,1,24.59
8.09,1,0,0.0
7.64,4,0,0.0
7.35,4,0,0.0
7.51,3,0,0.0
7.78,2,1,6.33
7.07,1,0,0.0
6.88,2,0,0.0
7.66,3,1,21.86
6.72,4,1,14.24
7.83,2,0,0.0
6.14,4,1,16.87
8.32,4,0,0.0
7.88,0,1,27.39
7.7,2,1,27.03
8.29,2,0,0.0
8.83,4,1,25.08
8.31,3,1,16.77
6.03,0,1,22.88
6.48,4,0,0.0
7.0,1,1,16.85
7.52,1,0,0.0
7.91,0,1,26.48
6.92,3,0,0.0
7.65,4,0,0.0
6.9,2,1,13.87
7.01,0,1,29.2
6.37,3,1,28.17
6.76,2,1,23.02
6.42,1,1,10.54
6.72,1,1,6.55
8.34,2,1,26.08
6.74,0,1,7.46
9.61,1,1,26.07
7.89,4,1,16.25
7.65,2,0,0.0
6.81,2,1,13.98
8.06,1,1,27.39
7.04,0,1,19.3
7.6,4,0,0.0
9.55,0,0,0.0
7.42,3,0,0.0
8.42,3,0,0.0
6.94,1,1,18.57
7.47,1,0,0.0
8.92,1,0,0.0
7.0,3,1,18.09
8.95,0,0,0.0
8.07,0,1,13.02
7.05,1,1,24.21
8.01,4,1,9.83
8.28,0,1,28.35
8.0,3,0,0.0
6.24,2,1,27.14
6.92,2,1,12.11
7.3,2,1,22.7
7.44,4,0,0.0
8.0,1,1,18.48
7.64,3,1,12.12
6.43,4,0,0.0
7.8,3,0,0.0
7.99,3,1,29.69
7.95,1,0,0.0
8.36,2,0,0.0
8.17,1,0,0.0
7.87,4,1,3.68
7.44,4,1,9.82
6.17,4,1,17.04
7.84,1,1,17.09
7.67,3,1,18.9
7.72,3,1,23.3
6.48,0,1,19.83
6.64,4,1,19.21
8.34,3,1,4.44
7.47,0,0,0.0
8.05,3,1,13.17
7.52,4,1,9.27
7.52,2,0,0.0
8.25,4,1,10.16
7.09,1,0,0.0
7.58,3,0,0.0
7.13,3,1,17.97
7.15,1,0,0.0
7.25,1,1,8.39
7.68,2,1,10.94
7.12,3,1,9.4
8.5,3,1,28.61
6.78,2,0,0.0
7.35,0,1,28.51
7.15,2,1,19.47
8.66,4,1,27.96
7.66,3,1,24.22
8.33,1,1,18.93
6.31,4,1,3.17
7.71,3,0,0.0
8.21,2,1,23.86
7.57,4,1,21.97
8.35,3,1,19.61
7.09,0,1,23.53
8.63,0,0,0.0
9.34,1,1,16.85
7.21,3,1,22.01
7.14,0,1,28.25
8.66,2,0,0.0
8.76,3,1,13.15
7.08,2,1,22.12
7.16,2,0,0.0
7.27,0,1,15.84
6.42,3,0,0.0
6.77,4,0,0.0
6.7,0,1,21.21
6.89,0,1,23.6
7.47,3,1,4.23
7.69,3,1,20.46
8.74,2,0,0.0
6.7,3,1,9.12
8.29,2,1,21.09
7.33,0,0,0.0
7.46,1,1,15.64
8.04,4,1,23.89
6.6,0,1,6.33
7.81,3,1,19.91
7.63,4,0,0.0
7.89,1,1,10.52
7.73,1,1,26.03
9.46,2,1,28.07
6.99,4,1,29.9
7.08,2,1,24.49
7.0,0,1,23.35
7.06,4,1,8.82
6.99,0,0,0.0
8.45,2,1,12.07
8.64,4,1,15.57
7.04,2,1,23.88
6.83,4,0,0.0
7.88,2,0,0.0
7.06,1,1,27.7
8.01,2,0,0.0
7.66,1,1,8.11
6.29,2,1,27.9
8.74,4,1,21.78
8.94,4,1,19.49
7.01,4,0,0.0
7.19,3,1,8.4
7.73,0,1,4.5
7.77,4,0,0.0
8.03,1,1,18.35
9.11,4,1,20.59
7.36,3,1,8.69
6.86,1,1,18.02
6.4,3,1,26.13
6.92,1,1,25.55
7.47,2,1,28.04
8.94,0,1,12.88
7.09,0,0,0.0
7.68,3,1,11.59
7.49,0,1,23.23
8.45,3,1,14.64
9.52,3,1,5.36
7.08,3,1,10.64
7.11,0,1,14.3
8.34,3,1,10.9
8.05,0,0,0.0
8.98,3,1,11.97
7.97,4,0,0.0
7.21,3,1,10.93
7.97,1,0,0.0
8.39,3,1,4.12
8.16,2,0,0.0
7.91,3,1,20.2
8.35,1,1,19.13
8.44,1,1,20.64
8.61,0,0,0.0
8.02,4,1,8.19
7.37,3,1,10.98
7.62,0,1,19.73
8.47,4,1,19.19
6.85,3,1,16.67
7.79,2,1,12.46
7.19,3,0,0.0
7.52,1,0,0.0
8.52,1,0,0.0
7.65,2,1,27.65
7.54,0,0,0.0
6.41,4,0,0.0
8.1,3,1,12.17
8.02,1,1,15.3
9.23,0,1,21.31
7.25,2,0,0.0
7.68,1,1,17.66
7.7,2,1,12.37
8.76,3,1,14.76
7.42,4,0,0.0
7.72,1,0,0.0
7.99,1,0,0.0
7.65,3,1,24.45
7.14,0,1,10.51
7.66,4,1,6.84
8.36,1,1,11.46
6.68,4,1,25.94
7.61,1,1,5.4
6.94,4,1,29.78
8.46,2,1,17.61
6.28,1,0,0.0
7.05,4,1,29.59
7.8,0,0,0.0
8.75,2,1,28.35
7.45,2,1,15.23
7.06,0,1,8.36
9.0,4,1,7.45
6.34,3,1,9.48
5.74,0,1,22.17
7.85,4,1,10.37
7.1,0,1,12.22
6.68,0,1,15.12
8.07,1,0,0.0
7.7,4,0,0.0
7.05,3,0,0.0
6.48,1,1,27.66
8.2,0,0,0.0
8.02,0,0,0.0
7.42,0,1,8.11
8.98,4,0,0.0
6.64,4,1,3.14
6.28,1,0,0.0
6.95,3,0,0.0
7.46,1,1,4.62
7.69,2,1,27.43
7.31,0,0,0.0
7.78,0,1,20.48
6.5,0,1,10.37
8.66,1,0,0.0
7.43,1,1,7.78
8.39,0,1,10.95
7.77,1,1,6.1
7.87,4,1,28.42
7.96,4,1,24.17
7.86,1,1,15.48
8.01,0,1,26.35
8.56,1,1,9.74
7.66,1,0,0.0
8.07,1,1,22.36
7.43,2,1,26.12
8.65,4,1,12.63
6.96,3,1,23.45
8.94,3,1,10.97
7.47,2,1,11.07
6.36,1,0,0.0
7.6,2,1,5.89
6.96,2,1,14.88
8.17,0,1,22.7
6.98,4,1,28.39
7.14,3,1,19.3
5.99,1,1,26.3
7.14,3,1,25.21
5.56,3,0,0.0
6.23,4,1,7.68
8.11,3,1,16.12
8.13,3,1,6.16
7.84,2,1,21.42
6.73,4,1,28.65
7.46,0,1,6.7
7.5,1,1,22.81
6.57,3,1,20.07
8.7,1,1,18.76
8.2,0,1,13.53
7.32,1,1,12.59
7.52,0,1,4.22
7.67,2,1,8.88
5.87,3,0,0.0
7.3,0,1,3.41
6.95,1,0,0.0
6.7,3,1,18.7
7.28,2,1,5.86
8.94,3,1,26.57
8.01,0,1,17.12
7.04,2,1,21.89
7.96,1,0,0.0
